0S
90688390 6349
2581 1
9325 1
2878 1
2848 1
2834 1
2902 1
5339 1
5345 1
5345 1
5346 1
5346 1
6997 1
5337 1
5342 1
5335 1
2730 1
5338 1
5343 1
22765 1
22766 1
2476 1
2823 1
38921 1
35019 1
2508 1
40379 1
2702 1
2638 1
4109 1
22747 1
2509 1
9814 1
2220 1
2493 1
3157 1
38928 1
16199 1
2544 1
2511 1
83131 1
108854 1
1755 1
2636 1
38024 1
1953 1
16264 1
2056 1
22083 1
1763 1
1757 1
4404 1
10666 1
10665 1
10665 1
10666 1
10666 1
10667 1
10666 1
10666 1
10665 1
10666 1
10666 1
10666 1
3718 1
10666 1
10667 1
1867 1
14141 1
1951 1
3249 1
1774 1
1553 1
1620 1
1490 1
1639 1
47726 1
1759 1
14141 1
1574 1
22031 1
1472 1
1942 1
22029 1
16233 1
42603 1
17057 1
3459 1
3530 1
44532 1
16231 1
42774 1
42656 1
16954 1
1755 1
16233 1
17111 1
26128 1
17009 1
1753 1
16988 1
1505 1
42819 1
16230 1
22027 1
1614 1
16991 1
2114 1
15182 1
1567 1
29183 1
1751 1
16053 1
20410 1
20411 1
42753 1
1756 1
1490 1
20515 1
17651 1
1766 1
4397 1
10647 1
17650 1
94692 1
22023 1
16403 1
1889 1
20110 1
16406 1
10054 1
42751 1
1763 1
17443 1
23361 1
17444 1
22061 1
23361 1
1478 1
42595 1
20297 1
30330 1
1894 1
15847 1
24865 1
42888 1
20846 1
94686 1
15331 1
26428 1
17018 1
1766 1
1751 1
1788 1
1768 1
21711 1
1770 1
1466 1
51796 1
16240 1
1866 1
23360 1
104419 1
22081 1
16016 1
24868 1
2413 1
1472 1
22281 1
16166 1
17590 1
24868 1
10754 1
24867 1
16358 1
1755 1
17595 1
16372 1
1752 1
4844 1
11112 1
11114 1
11112 1
11110 1
11114 1
11114 1
11112 1
11110 1
11112 1
11110 1
11114 1
11110 1
11110 1
11110 1
11114 1
11112 1
11112 1
11112 1
11110 1
11112 1
11112 1
11114 1
11111 1
11110 1
11113 1
11111 1
11112 1
11112 1
11112 1
11111 1
11114 1
11111 1
11115 1
11111 1
11109 1
11113 1
11113 1
11113 1
11115 1
11115 1
11113 1
11113 1
11113 1
11113 1
11113 1
11113 1
22322 1
24864 1
2259 1
104587 1
2041 1
11108 1
11108 1
11112 1
11110 1
11110 1
11110 1
11114 1
11110 1
11114 1
11112 1
11112 1
11112 1
11110 1
11108 1
11108 1
11108 1
11112 1
11110 1
11112 1
11112 1
11114 1
11112 1
11110 1
17587 1
16428 1
17587 1
24866 1
44398 1
3148 1
5692 1
24863 1
24869 1
16163 1
1768 1
24871 1
2148 1
1466 1
17662 1
21546 1
17665 1
16318 1
77267 1
17037 1
17021 1
17532 1
1766 1
1478 1
1490 1
1551 1
16189 1
22097 1
26456 1
42800 1
26415 1
35617 1
43175 1
20236 1
16483 1
26459 1
1759 1
1552 1
